time,nb_sleeping,nb_switching_on,nb_switching_off,nb_idle,nb_computing
0.0,0,0,0,64,0
0.0,0,0,0,63,1
22.0,0,0,0,63,1
22.0,0,0,0,62,2
350.0,0,0,0,63,1
372.0,0,0,0,64,0
421.0,0,0,0,64,0
421.0,0,0,0,63,1
422.0,0,0,0,64,0
506.0,0,0,0,64,0
506.0,0,0,0,63,1
509.0,0,0,0,63,1
509.0,0,0,0,62,2
512.0,0,0,0,62,2
512.0,0,0,0,61,3
548.0,0,0,0,62,2
551.0,0,0,0,63,1
553.0,0,0,0,64,0
597.0,0,0,0,64,0
597.0,0,0,0,63,1
624.0,0,0,0,63,1
624.0,0,0,0,62,2
650.0,0,0,0,62,2
650.0,0,0,0,61,3
900.0,0,0,0,61,3
900.0,0,0,61,0,3
909.0,0,0,61,0,3
910.0,0,0,61,0,3
911.0,0,0,61,0,3
912.0,0,0,61,0,3
913.0,0,0,61,0,3
914.0,0,0,61,0,3
947.0,0,0,61,1,2
974.0,0,0,61,2,1
1000.0,0,0,61,3,0
1038.0,0,0,61,3,0
1038.0,0,0,61,2,1
1040.0,0,0,61,2,1
1040.0,0,0,61,1,2
1041.0,0,0,61,1,2
1041.0,0,0,61,0,3
1043.0,0,0,61,0,3
1045.0,0,0,61,0,3
1046.0,0,0,61,0,3
1048.0,0,0,61,0,3
1050.0,0,0,61,0,3
1051.0,0,0,61,0,3
1062.0,0,0,61,0,3
1063.0,0,0,61,0,3
1065.0,0,0,61,0,3
1066.0,0,0,61,0,3
1068.0,0,0,61,0,3
1069.0,0,0,61,0,3
1071.0,0,0,61,0,3
1073.0,0,0,61,0,3
1074.0,0,0,61,0,3
1837.0,0,0,61,0,3
1838.0,0,0,61,0,3
1839.0,0,0,61,0,3
1840.0,0,0,61,0,3
1841.0,0,0,61,0,3
1842.0,0,0,61,0,3
1843.0,0,0,61,0,3
1847.0,0,0,61,0,3
1862.0,0,0,61,0,3
1932.0,0,0,61,0,3
1933.0,0,0,61,0,3
1938.0,0,0,61,0,3
1939.0,0,0,61,0,3
1968.0,0,0,61,0,3
2458.0,0,0,61,1,2
2458.0,0,0,61,0,3
2605.0,0,0,61,1,2
2605.0,0,0,61,0,3
2648.0,0,0,61,1,2
2648.0,0,0,61,0,3
2764.0,0,0,61,0,3
2765.0,0,0,61,0,3
2767.0,0,0,61,0,3
2768.0,0,0,61,0,3
2769.0,0,0,61,0,3
2770.0,0,0,61,0,3
2771.0,0,0,61,0,3
2772.0,0,0,61,0,3
2966.0,0,0,61,0,3
2968.0,0,0,61,0,3
2969.0,0,0,61,0,3
2971.0,0,0,61,0,3
2972.0,0,0,61,0,3
2974.0,0,0,61,0,3
2976.0,0,0,61,0,3
2977.0,0,0,61,0,3
2991.0,0,0,61,0,3
2992.0,0,0,61,0,3
2994.0,0,0,61,0,3
2995.0,0,0,61,0,3
2997.0,0,0,61,0,3
2998.0,0,0,61,0,3
3000.0,0,0,61,0,3
3001.0,0,0,61,0,3
3049.0,0,0,61,0,3
3051.0,0,0,61,0,3
3054.0,0,0,61,0,3
3140.0,0,0,61,0,3
3167.0,0,0,61,0,3
3190.0,0,0,61,0,3
3559.0,0,0,61,0,3
3560.0,0,0,61,0,3
3562.0,0,0,61,0,3
3563.0,0,0,61,0,3
3565.0,0,0,61,0,3
3566.0,0,0,61,0,3
3568.0,0,0,61,0,3
3570.0,0,0,61,0,3
3582.0,0,0,61,0,3
3583.0,0,0,61,0,3
3585.0,0,0,61,0,3
3586.0,0,0,61,0,3
3588.0,0,0,61,0,3
3589.0,0,0,61,0,3
3590.0,0,0,61,0,3
3592.0,0,0,61,0,3
3593.0,0,0,61,0,3
3600.0,61,0,0,0,3
3600.0,0,61,0,0,3
3699.0,0,61,0,0,3
3700.0,0,61,0,0,3
3701.0,0,61,0,0,3
3703.0,0,61,0,0,3
3704.0,0,61,0,0,3
3705.0,0,61,0,0,3
3922.0,0,61,0,1,2
3922.0,0,61,0,0,3
3943.0,0,61,0,1,2
3943.0,0,61,0,0,3
3961.0,0,61,0,1,2
3961.0,0,61,0,0,3
3974.0,0,61,0,1,2
3974.0,0,61,0,0,3
3989.0,0,61,0,1,2
3989.0,0,61,0,0,3
3991.0,0,61,0,1,2
3991.0,0,61,0,0,3
4018.0,0,61,0,1,2
4018.0,0,61,0,0,3
4020.0,0,61,0,1,2
4020.0,0,61,0,0,3
4041.0,0,61,0,1,2
4041.0,0,61,0,0,3
4042.0,0,61,0,1,2
4042.0,0,61,0,0,3
4062.0,0,61,0,1,2
4062.0,0,61,0,0,3
4063.0,0,61,0,1,2
4063.0,0,61,0,0,3
4086.0,0,61,0,1,2
4086.0,0,61,0,0,3
4095.0,0,61,0,1,2
4095.0,0,61,0,0,3
4115.0,0,61,0,1,2
4115.0,0,61,0,0,3
4117.0,0,61,0,1,2
4117.0,0,61,0,0,3
4134.0,0,61,0,1,2
4134.0,0,61,0,0,3
4138.0,0,61,0,1,2
4138.0,0,61,0,0,3
4177.0,0,61,0,1,2
4177.0,0,61,0,0,3
4180.0,0,61,0,1,2
4180.0,0,61,0,0,3
4218.0,0,61,0,1,2
4218.0,0,61,0,0,3
4530.0,0,61,0,1,2
4530.0,0,61,0,0,3
4551.0,0,61,0,1,2
4568.0,0,61,0,2,1
4625.0,0,61,0,2,1
4627.0,0,61,0,2,1
4628.0,0,61,0,2,1
4629.0,0,61,0,2,1
4630.0,0,61,0,2,1
4631.0,0,61,0,2,1
4666.0,0,61,0,2,1
4669.0,0,61,0,2,1
4880.0,0,61,0,3,0
5400.0,0,0,0,64,0
5400.0,0,0,0,0,64
5451.0,0,0,0,0,64
5452.0,0,0,0,0,64
5454.0,0,0,0,0,64
5455.0,0,0,0,0,64
5457.0,0,0,0,0,64
5459.0,0,0,0,0,64
5460.0,0,0,0,0,64
5462.0,0,0,0,0,64
5476.0,0,0,0,0,64
5477.0,0,0,0,0,64
5479.0,0,0,0,0,64
5481.0,0,0,0,0,64
5483.0,0,0,0,0,64
5484.0,0,0,0,0,64
5486.0,0,0,0,0,64
5487.0,0,0,0,0,64
5529.0,0,0,0,0,64
5531.0,0,0,0,0,64
5534.0,0,0,0,0,64
5564.0,0,0,0,0,64
5565.0,0,0,0,0,64
5566.0,0,0,0,0,64
5567.0,0,0,0,0,64
5568.0,0,0,0,0,64
5569.0,0,0,0,0,64
5570.0,0,0,0,0,64
5571.0,0,0,0,0,64
5618.0,0,0,0,0,64
5647.0,0,0,0,0,64
5675.0,0,0,0,0,64
6063.0,0,0,0,0,64
6064.0,0,0,0,0,64
6066.0,0,0,0,0,64
6068.0,0,0,0,0,64
6069.0,0,0,0,0,64
6071.0,0,0,0,0,64
6072.0,0,0,0,0,64
6074.0,0,0,0,0,64
6307.0,0,0,0,8,56
6307.0,0,0,0,0,64
6308.0,0,0,0,8,56
6308.0,0,0,0,0,64
6309.0,0,0,0,16,48
6309.0,0,0,0,0,64
6311.0,0,0,0,8,56
6311.0,0,0,0,0,64
6312.0,0,0,0,16,48
6312.0,0,0,0,0,64
6313.0,0,0,0,8,56
6313.0,0,0,0,0,64
6486.0,0,0,0,0,64
6488.0,0,0,0,0,64
6489.0,0,0,0,0,64
6490.0,0,0,0,0,64
6491.0,0,0,0,0,64
6492.0,0,0,0,0,64
6493.0,0,0,0,0,64
7216.0,0,0,0,8,56
7216.0,0,0,0,0,64
7217.0,0,0,0,2,62
7217.0,0,0,0,0,64
7219.0,0,0,0,8,56
7219.0,0,0,0,0,64
7220.0,0,0,0,16,48
7220.0,0,0,0,0,64
7221.0,0,0,0,8,56
7221.0,0,0,0,0,64
7222.0,0,0,0,8,56
7222.0,0,0,0,0,64
7223.0,0,0,0,16,48
7223.0,0,0,0,0,64
7424.0,0,0,0,0,64
7425.0,0,0,0,0,64
7427.0,0,0,0,0,64
7428.0,0,0,0,0,64
7429.0,0,0,0,0,64
7459.0,0,0,0,0,64
7463.0,0,0,0,0,64
7889.0,0,0,0,0,64
7890.0,0,0,0,0,64
7892.0,0,0,0,0,64
7895.0,0,0,0,0,64
7896.0,0,0,0,0,64
7898.0,0,0,0,0,64
7899.0,0,0,0,0,64
7951.0,0,0,0,0,64
7953.0,0,0,0,0,64
7956.0,0,0,0,0,64
8037.0,0,0,0,0,64
8061.0,0,0,0,0,64
8083.0,0,0,0,0,64
8125.0,0,0,0,8,56
8125.0,0,0,0,0,64
8126.0,0,0,0,8,56
8126.0,0,0,0,0,64
8128.0,0,0,0,16,48
8128.0,0,0,0,0,64
8129.0,0,0,0,8,56
8129.0,0,0,0,0,64
8131.0,0,0,0,8,56
8131.0,0,0,0,0,64
8347.0,0,0,0,0,64
8348.0,0,0,0,0,64
8349.0,0,0,0,0,64
8350.0,0,0,0,0,64
8351.0,0,0,0,0,64
8352.0,0,0,0,0,64
8353.0,0,0,0,0,64
8354.0,0,0,0,0,64
8454.0,0,0,0,0,64
8456.0,0,0,0,0,64
8457.0,0,0,0,0,64
8459.0,0,0,0,0,64
8461.0,0,0,0,1,63
8461.0,0,0,0,0,64
8462.0,0,0,0,0,64
8465.0,0,0,0,0,64
8467.0,0,0,0,0,64
8566.0,0,0,0,0,64
8568.0,0,0,0,0,64
8571.0,0,0,0,0,64
8578.0,0,0,0,1,63
8578.0,0,0,0,0,64
8608.0,0,0,0,1,63
8608.0,0,0,0,0,64
8609.0,0,0,0,1,63
8609.0,0,0,0,0,64
8610.0,0,0,0,1,63
8610.0,0,0,0,0,64
8635.0,0,0,0,1,63
8635.0,0,0,0,0,64
8656.0,0,0,0,0,64
8666.0,0,0,0,1,63
8666.0,0,0,0,0,64
8672.0,0,0,0,1,63
8672.0,0,0,0,0,64
8678.0,0,0,0,0,64
8701.0,0,0,0,0,64
8704.0,0,0,0,1,63
8704.0,0,0,0,0,64
8740.0,0,0,0,1,63
8740.0,0,0,0,0,64
8761.0,0,0,0,1,63
8761.0,0,0,0,0,64
8795.0,0,0,0,1,63
8795.0,0,0,0,0,64
8804.0,0,0,0,1,63
8804.0,0,0,0,0,64
8805.0,0,0,0,1,63
8805.0,0,0,0,0,64
8806.0,0,0,0,1,63
8806.0,0,0,0,0,64
8809.0,0,0,0,1,63
8809.0,0,0,0,0,64
8817.0,0,0,0,1,63
8817.0,0,0,0,0,64
8829.0,0,0,0,1,63
8829.0,0,0,0,0,64
8834.0,0,0,0,1,63
8834.0,0,0,0,0,64
8841.0,0,0,0,2,62
8841.0,0,0,0,0,64
8847.0,0,0,0,1,63
8847.0,0,0,0,0,64
8848.0,0,0,0,1,63
8848.0,0,0,0,0,64
8853.0,0,0,0,1,63
8853.0,0,0,0,0,64
8860.0,0,0,0,1,63
8860.0,0,0,0,0,64
8863.0,0,0,0,1,63
8863.0,0,0,0,0,64
8869.0,0,0,0,1,63
8869.0,0,0,0,0,64
8877.0,0,0,0,1,63
8877.0,0,0,0,0,64
8878.0,0,0,0,1,63
8878.0,0,0,0,0,64
8902.0,0,0,0,1,63
8902.0,0,0,0,0,64
8905.0,0,0,0,1,63
8905.0,0,0,0,0,64
8910.0,0,0,0,1,63
8910.0,0,0,0,0,64
8927.0,0,0,0,1,63
8927.0,0,0,0,0,64
8941.0,0,0,0,1,63
8941.0,0,0,0,0,64
8946.0,0,0,0,1,63
8946.0,0,0,0,0,64
8948.0,0,0,0,1,63
8948.0,0,0,0,0,64
8969.0,0,0,0,1,63
8969.0,0,0,0,0,64
8971.0,0,0,0,1,63
8971.0,0,0,0,0,64
8975.0,0,0,0,1,63
8975.0,0,0,0,0,64
8980.0,0,0,0,1,63
8980.0,0,0,0,0,64
8987.0,0,0,0,1,63
8987.0,0,0,0,0,64
9000.0,0,0,0,1,63
9000.0,0,0,0,0,64
9017.0,0,0,0,1,63
9017.0,0,0,0,0,64
9023.0,0,0,0,1,63
9023.0,0,0,0,0,64
9028.0,0,0,0,1,63
9028.0,0,0,0,0,64
9033.0,0,0,0,8,56
9033.0,0,0,0,0,64
9034.0,0,0,0,16,48
9034.0,0,0,0,0,64
9036.0,0,0,0,16,48
9036.0,0,0,0,0,64
9037.0,0,0,0,8,56
9037.0,0,0,0,0,64
9048.0,0,0,0,8,56
9048.0,0,0,0,0,64
9053.0,0,0,0,8,56
9053.0,0,0,0,0,64
9069.0,0,0,0,1,63
9069.0,0,0,0,0,64
9079.0,0,0,0,0,64
9081.0,0,0,0,0,64
9095.0,0,0,0,1,63
9095.0,0,0,0,0,64
9106.0,0,0,0,0,64
9108.0,0,0,0,0,64
9109.0,0,0,0,0,64
9112.0,0,0,0,1,63
9185.0,0,0,0,1,63
9188.0,0,0,0,1,63
9191.0,0,0,0,1,63
9227.0,0,0,0,2,62
9228.0,0,0,0,3,61
9252.0,0,0,0,4,60
9277.0,0,0,0,4,60
9278.0,0,0,0,4,60
9280.0,0,0,0,4,60
9281.0,0,0,0,4,60
9282.0,0,0,0,4,60
9283.0,0,0,0,4,60
9306.0,0,0,0,4,60
9329.0,0,0,0,4,60
9350.0,0,0,0,5,59
9367.0,0,0,0,6,58
9373.0,0,0,0,7,57
9445.0,0,0,0,8,56
9445.0,0,0,0,0,64
9723.0,0,0,0,0,64
9725.0,0,0,0,0,64
9726.0,0,0,0,0,64
9728.0,0,0,0,0,64
9729.0,0,0,0,0,64
9731.0,0,0,0,0,64
9732.0,0,0,0,0,64
9734.0,0,0,0,0,64
9748.0,0,0,0,0,64
9749.0,0,0,0,0,64
9751.0,0,0,0,0,64
9752.0,0,0,0,0,64
9754.0,0,0,0,0,64
9755.0,0,0,0,0,64
9757.0,0,0,0,0,64
9759.0,0,0,0,0,64
9854.0,0,0,0,1,63
9854.0,0,0,0,0,64
9858.0,0,0,0,1,63
9858.0,0,0,0,0,64
9940.0,0,0,0,8,56
9940.0,0,0,0,0,64
9941.0,0,0,0,8,56
9941.0,0,0,0,0,64
9954.0,0,0,0,8,56
9954.0,0,0,0,0,64
10012.0,0,0,0,0,64
10048.0,0,0,0,1,63
10048.0,0,0,0,0,64
10051.0,0,0,0,1,63
10051.0,0,0,0,0,64
10089.0,0,0,0,1,63
10089.0,0,0,0,0,64
10109.0,0,0,0,1,63
10109.0,0,0,0,0,64
10154.0,0,0,0,1,63
10154.0,0,0,0,0,64
10195.0,0,0,0,1,63
10195.0,0,0,0,0,64
10199.0,0,0,0,1,63
10199.0,0,0,0,0,64
10212.0,0,0,0,0,64
10213.0,0,0,0,0,64
10214.0,0,0,0,0,64
10215.0,0,0,0,0,64
10216.0,0,0,0,0,64
10217.0,0,0,0,0,64
10236.0,0,0,0,1,63
10236.0,0,0,0,0,64
10242.0,0,0,0,0,64
10245.0,0,0,0,1,63
10245.0,0,0,0,0,64
10401.0,0,0,0,1,63
10418.0,0,0,0,2,62
10439.0,0,0,0,3,61
10549.0,0,0,0,4,60
10586.0,0,0,0,5,59
10595.0,0,0,0,6,58
10950.0,0,0,0,7,57
10956.0,0,0,0,8,56
10956.0,0,0,0,0,64
11140.0,0,0,0,0,64
11141.0,0,0,0,0,64
11142.0,0,0,0,0,64
11144.0,0,0,0,0,64
11145.0,0,0,0,0,64
11146.0,0,0,0,0,64
11147.0,0,0,0,0,64
11148.0,0,0,0,0,64
11149.0,0,0,0,0,64
11301.0,0,0,0,0,64
11646.0,0,0,0,0,64
11648.0,0,0,0,0,64
11650.0,0,0,0,0,64
11651.0,0,0,0,0,64
11653.0,0,0,0,0,64
11654.0,0,0,0,0,64
11656.0,0,0,0,0,64
11658.0,0,0,0,0,64
11671.0,0,0,0,0,64
11673.0,0,0,0,0,64
11674.0,0,0,0,0,64
11676.0,0,0,0,0,64
11677.0,0,0,0,0,64
11679.0,0,0,0,0,64
11680.0,0,0,0,0,64
11682.0,0,0,0,0,64
11741.0,0,0,0,0,64
11743.0,0,0,0,0,64
11746.0,0,0,0,0,64
11819.0,0,0,0,0,64
11846.0,0,0,0,0,64
11870.0,0,0,0,0,64
11874.0,0,0,0,8,56
11874.0,0,0,0,0,64
12069.0,0,0,0,0,64
12070.0,0,0,0,0,64
12071.0,0,0,0,0,64
12073.0,0,0,0,0,64
12074.0,0,0,0,0,64
12075.0,0,0,0,0,64
12378.0,0,0,0,0,64
12381.0,0,0,0,0,64
12383.0,0,0,0,0,64
12470.0,0,0,0,0,64
12495.0,0,0,0,0,64
12518.0,0,0,0,0,64
12789.0,0,0,0,8,56
12789.0,0,0,0,0,64
12919.0,0,0,0,0,64
12921.0,0,0,0,0,64
12922.0,0,0,0,0,64
12924.0,0,0,0,0,64
12925.0,0,0,0,0,64
12927.0,0,0,0,0,64
12928.0,0,0,0,0,64
12930.0,0,0,0,0,64
12944.0,0,0,0,0,64
12945.0,0,0,0,0,64
12947.0,0,0,0,0,64
12948.0,0,0,0,0,64
12950.0,0,0,0,0,64
12952.0,0,0,0,0,64
12953.0,0,0,0,0,64
12955.0,0,0,0,0,64
13087.0,0,0,0,0,64
13088.0,0,0,0,0,64
13089.0,0,0,0,0,64
13090.0,0,0,0,0,64
13091.0,0,0,0,0,64
13092.0,0,0,0,0,64
13703.0,0,0,0,8,56
13703.0,0,0,0,0,64
14021.0,0,0,0,0,64
14023.0,0,0,0,0,64
14024.0,0,0,0,0,64
14025.0,0,0,0,0,64
14026.0,0,0,0,0,64
14027.0,0,0,0,0,64
14616.0,0,0,0,8,56
14616.0,0,0,0,0,64
14918.0,0,0,0,0,64
14920.0,0,0,0,0,64
14921.0,0,0,0,0,64
14923.0,0,0,0,0,64
14924.0,0,0,0,0,64
14926.0,0,0,0,0,64
14927.0,0,0,0,0,64
14929.0,0,0,0,0,64
14943.0,0,0,0,0,64
14945.0,0,0,0,0,64
14947.0,0,0,0,0,64
14948.0,0,0,0,0,64
14950.0,0,0,0,0,64
14951.0,0,0,0,0,64
14953.0,0,0,0,0,64
14954.0,0,0,0,0,64
14961.0,0,0,0,0,64
14962.0,0,0,0,0,64
14964.0,0,0,0,0,64
14965.0,0,0,0,0,64
15013.0,0,0,0,0,64
15016.0,0,0,0,0,64
15019.0,0,0,0,0,64
15102.0,0,0,0,0,64
15127.0,0,0,0,0,64
15153.0,0,0,0,0,64
15532.0,0,0,0,8,56
15532.0,0,0,0,0,64
15541.0,0,0,0,0,64
15542.0,0,0,0,0,64
15544.0,0,0,0,0,64
15635.0,0,0,0,0,64
15637.0,0,0,0,8,56
15637.0,0,0,0,0,64
15638.0,0,0,0,0,64
15640.0,0,0,0,0,64
15724.0,0,0,0,0,64
15751.0,0,0,0,0,64
15775.0,0,0,0,0,64
16166.0,0,0,0,0,64
16167.0,0,0,0,0,64
16169.0,0,0,0,0,64
16171.0,0,0,0,0,64
16173.0,0,0,0,0,64
16174.0,0,0,0,0,64
16176.0,0,0,0,0,64
16177.0,0,0,0,0,64
16179.0,0,0,0,0,64
16180.0,0,0,0,0,64
16182.0,0,0,0,0,64
16183.0,0,0,0,0,64
16190.0,0,0,0,0,64
16192.0,0,0,0,0,64
16447.0,0,0,0,8,56
16447.0,0,0,0,0,64
16554.0,0,0,0,8,56
16554.0,0,0,0,0,64
16619.0,0,0,0,0,64
17363.0,0,0,0,8,56
17363.0,0,0,0,0,64
17468.0,0,0,0,8,56
17468.0,0,0,0,0,64
17678.0,0,0,0,0,64
18281.0,0,0,0,8,56
18281.0,0,0,0,0,64
18329.0,0,0,0,0,64
18330.0,0,0,0,0,64
18332.0,0,0,0,0,64
18334.0,0,0,0,0,64
18335.0,0,0,0,0,64
18337.0,0,0,0,0,64
18338.0,0,0,0,0,64
18340.0,0,0,0,0,64
18384.0,0,0,0,8,56
18384.0,0,0,0,0,64
18395.0,0,0,0,0,64
18397.0,0,0,0,0,64
18400.0,0,0,0,0,64
18489.0,0,0,0,0,64
18515.0,0,0,0,0,64
18541.0,0,0,0,0,64
18936.0,0,0,0,0,64
18958.0,0,0,0,0,64
18960.0,0,0,0,0,64
18961.0,0,0,0,0,64
18963.0,0,0,0,0,64
18964.0,0,0,0,0,64
18966.0,0,0,0,0,64
18967.0,0,0,0,0,64
18969.0,0,0,0,0,64
19195.0,0,0,0,8,56
19195.0,0,0,0,0,64
19296.0,0,0,0,8,56
19296.0,0,0,0,0,64
19813.0,0,0,0,8,56
19813.0,0,0,0,0,64
19826.0,0,0,0,8,56
19826.0,0,0,0,0,64
19829.0,0,0,0,8,56
19829.0,0,0,0,0,64
20083.0,0,0,0,8,56
20083.0,0,0,0,0,64
20184.0,0,0,0,8,56
20184.0,0,0,0,0,64
20222.0,0,0,0,8,56
20222.0,0,0,0,0,64
20717.0,0,0,0,8,56
20717.0,0,0,0,0,64
20722.0,0,0,0,8,56
20722.0,0,0,0,0,64
20731.0,0,0,0,8,56
20731.0,0,0,0,0,64
20737.0,0,0,0,8,56
20737.0,0,0,0,0,64
20739.0,0,0,0,8,56
20739.0,0,0,0,0,64
20920.0,0,0,0,0,64
20922.0,0,0,0,0,64
20923.0,0,0,0,0,64
20925.0,0,0,0,0,64
20926.0,0,0,0,0,64
20928.0,0,0,0,0,64
20929.0,0,0,0,0,64
20931.0,0,0,0,0,64
20994.0,0,0,0,8,56
20994.0,0,0,0,0,64
20998.0,0,0,0,0,64
21001.0,0,0,0,0,64
21004.0,0,0,0,0,64
21088.0,0,0,0,0,64
21094.0,0,0,0,8,56
21094.0,0,0,0,0,64
21115.0,0,0,0,0,64
21130.0,0,0,0,8,56
21130.0,0,0,0,0,64
21140.0,0,0,0,0,64
21526.0,0,0,0,0,64
21533.0,0,0,0,0,64
21542.0,0,0,0,0,64
21543.0,0,0,0,0,64
21626.0,0,0,0,8,56
21626.0,0,0,0,0,64
21632.0,0,0,0,8,56
21632.0,0,0,0,0,64
21638.0,0,0,0,8,56
21638.0,0,0,0,0,64
21645.0,0,0,0,8,56
21645.0,0,0,0,0,64
21647.0,0,0,0,0,64
21649.0,0,0,0,8,56
21649.0,0,0,0,0,64
21650.0,0,0,0,0,64
21653.0,0,0,0,0,64
21737.0,0,0,0,0,64
21760.0,0,0,0,0,64
21785.0,0,0,0,0,64
21904.0,0,0,0,8,56
21904.0,0,0,0,0,64
22004.0,0,0,0,8,56
22004.0,0,0,0,0,64
22038.0,0,0,0,8,56
22038.0,0,0,0,0,64
22168.0,0,0,0,0,64
22169.0,0,0,0,0,64
22171.0,0,0,0,0,64
22172.0,0,0,0,0,64
22174.0,0,0,0,0,64
22176.0,0,0,0,0,64
22177.0,0,0,0,0,64
22179.0,0,0,0,0,64
22181.0,0,0,0,0,64
22182.0,0,0,0,0,64
22190.0,0,0,0,0,64
22191.0,0,0,0,0,64
22193.0,0,0,0,0,64
22195.0,0,0,0,0,64
22196.0,0,0,0,0,64
22198.0,0,0,0,0,64
22199.0,0,0,0,0,64
22201.0,0,0,0,0,64
22202.0,0,0,0,0,64
22203.0,0,0,0,0,64
22530.0,0,0,0,8,56
22530.0,0,0,0,0,64
22538.0,0,0,0,8,56
22538.0,0,0,0,0,64
22554.0,0,0,0,8,56
22554.0,0,0,0,0,64
22561.0,0,0,0,8,56
22561.0,0,0,0,0,64
22565.0,0,0,0,8,56
22565.0,0,0,0,0,64
22821.0,0,0,0,8,56
22821.0,0,0,0,0,64
22921.0,0,0,0,8,56
22921.0,0,0,0,0,64
22954.0,0,0,0,8,56
22954.0,0,0,0,0,64
23443.0,0,0,0,8,56
23443.0,0,0,0,0,64
23454.0,0,0,0,8,56
23454.0,0,0,0,0,64
23471.0,0,0,0,8,56
23471.0,0,0,0,0,64
23477.0,0,0,0,8,56
23477.0,0,0,0,0,64
23481.0,0,0,0,8,56
23481.0,0,0,0,0,64
23494.0,0,0,0,8,56
23494.0,0,0,0,0,64
23502.0,0,0,0,8,56
23502.0,0,0,0,0,64
23737.0,0,0,0,8,56
23737.0,0,0,0,0,64
23836.0,0,0,0,8,56
23836.0,0,0,0,0,64
23867.0,0,0,0,8,56
23867.0,0,0,0,0,64
24140.0,0,0,0,0,64
24142.0,0,0,0,0,64
24144.0,0,0,0,0,64
24146.0,0,0,0,0,64
24147.0,0,0,0,0,64
24149.0,0,0,0,0,64
24150.0,0,0,0,0,64
24152.0,0,0,0,0,64
24166.0,0,0,0,0,64
24168.0,0,0,0,0,64
24169.0,0,0,0,0,64
24171.0,0,0,0,0,64
24172.0,0,0,0,0,64
24174.0,0,0,0,0,64
24175.0,0,0,0,0,64
24177.0,0,0,0,0,64
24227.0,0,0,0,0,64
24230.0,0,0,0,0,64
24232.0,0,0,0,0,64
24315.0,0,0,0,0,64
24344.0,0,0,0,0,64
24358.0,0,0,0,8,56
24358.0,0,0,0,0,64
24369.0,0,0,0,8,56
24369.0,0,0,0,0,64
24370.0,0,0,0,0,64
24381.0,0,0,0,8,56
24381.0,0,0,0,0,64
24403.0,0,0,0,8,56
24403.0,0,0,0,0,64
24413.0,0,0,0,8,56
24413.0,0,0,0,0,64
24642.0,0,0,0,8,56
24642.0,0,0,0,0,64
24743.0,0,0,0,8,56
24743.0,0,0,0,0,64
24774.0,0,0,0,8,56
24774.0,0,0,0,0,64
24795.0,0,0,0,0,64
24800.0,0,0,0,0,64
24801.0,0,0,0,0,64
24902.0,0,0,0,0,64
24905.0,0,0,0,0,64
24908.0,0,0,0,0,64
24998.0,0,0,0,0,64
25025.0,0,0,0,0,64
25050.0,0,0,0,0,64
25266.0,0,0,0,8,56
25266.0,0,0,0,0,64
25276.0,0,0,0,8,56
25276.0,0,0,0,0,64
25291.0,0,0,0,8,56
25291.0,0,0,0,0,64
25309.0,0,0,0,8,56
25309.0,0,0,0,0,64
25324.0,0,0,0,8,56
25324.0,0,0,0,0,64
25470.0,0,0,0,0,64
25471.0,0,0,0,0,64
25473.0,0,0,0,0,64
25474.0,0,0,0,0,64
25476.0,0,0,0,0,64
25477.0,0,0,0,0,64
25479.0,0,0,0,0,64
25480.0,0,0,0,0,64
25482.0,0,0,0,0,64
25553.0,0,0,0,8,56
25553.0,0,0,0,0,64
25652.0,0,0,0,8,56
25652.0,0,0,0,0,64
25685.0,0,0,0,8,56
25685.0,0,0,0,0,64
26147.0,0,0,0,8,56
26147.0,0,0,0,0,64
26157.0,0,0,0,8,56
26157.0,0,0,0,0,64
26201.0,0,0,0,8,56
26201.0,0,0,0,0,64
26235.0,0,0,0,8,56
26235.0,0,0,0,0,64
26463.0,0,0,0,8,56
26463.0,0,0,0,0,64
26562.0,0,0,0,8,56
26562.0,0,0,0,0,64
26594.0,0,0,0,8,56
26594.0,0,0,0,0,64
26718.0,0,0,0,1,63
26718.0,0,0,0,0,64
26738.0,0,0,0,1,63
26738.0,0,0,0,0,64
26751.0,0,0,0,1,63
26751.0,0,0,0,0,64
26765.0,0,0,0,1,63
26765.0,0,0,0,0,64
26775.0,0,0,0,1,63
26775.0,0,0,0,0,64
26784.0,0,0,0,1,63
26784.0,0,0,0,0,64
26789.0,0,0,0,1,63
26789.0,0,0,0,0,64
26797.0,0,0,0,1,63
26797.0,0,0,0,0,64
26805.0,0,0,0,1,63
26805.0,0,0,0,0,64
26813.0,0,0,0,1,63
26813.0,0,0,0,0,64
26814.0,0,0,0,1,63
26814.0,0,0,0,0,64
26832.0,0,0,0,1,63
26832.0,0,0,0,0,64
26836.0,0,0,0,1,63
26836.0,0,0,0,0,64
26838.0,0,0,0,1,63
26838.0,0,0,0,0,64
26857.0,0,0,0,1,63
26857.0,0,0,0,0,64
26869.0,0,0,0,1,63
26869.0,0,0,0,0,64
26873.0,0,0,0,1,63
26873.0,0,0,0,0,64
26889.0,0,0,0,1,63
26889.0,0,0,0,0,64
26892.0,0,0,0,1,63
26892.0,0,0,0,0,64
26901.0,0,0,0,1,63
26901.0,0,0,0,0,64
26916.0,0,0,0,1,63
26916.0,0,0,0,0,64
26931.0,0,0,0,1,63
26931.0,0,0,0,0,64
26934.0,0,0,0,1,63
26934.0,0,0,0,0,64
26974.0,0,0,0,1,63
26974.0,0,0,0,0,64
26997.0,0,0,0,1,63
26997.0,0,0,0,0,64
27018.0,0,0,0,1,63
27018.0,0,0,0,0,64
27024.0,0,0,0,1,63
27024.0,0,0,0,0,64
27038.0,0,0,0,1,63
27038.0,0,0,0,0,64
27056.0,0,0,0,8,56
27056.0,0,0,0,0,64
27063.0,0,0,0,8,56
27063.0,0,0,0,0,64
27076.0,0,0,0,1,63
27076.0,0,0,0,0,64
27100.0,0,0,0,1,63
27100.0,0,0,0,0,64
27111.0,0,0,0,8,56
27111.0,0,0,0,0,64
27114.0,0,0,0,1,63
27114.0,0,0,0,0,64
27141.0,0,0,0,9,55
27141.0,0,0,0,1,63
27155.0,0,0,0,2,62
27251.0,0,0,0,3,61
27266.0,0,0,0,4,60
27281.0,0,0,0,5,59
27334.0,0,0,0,5,59
27336.0,0,0,0,5,59
27337.0,0,0,0,5,59
27339.0,0,0,0,5,59
27340.0,0,0,0,5,59
27341.0,0,0,0,5,59
27343.0,0,0,0,5,59
27344.0,0,0,0,5,59
27368.0,0,0,0,6,58
27373.0,0,0,0,14,50
27373.0,0,0,0,6,58
27374.0,0,0,0,7,57
27388.0,0,0,0,8,56
27388.0,0,0,0,0,64
27409.0,0,0,0,0,64
27412.0,0,0,0,0,64
27414.0,0,0,0,0,64
27470.0,0,0,0,8,56
27470.0,0,0,0,0,64
27500.0,0,0,0,8,56
27500.0,0,0,0,0,64
27508.0,0,0,0,0,64
27534.0,0,0,0,0,64
27557.0,0,0,0,0,64
27948.0,0,0,0,0,64
27950.0,0,0,0,0,64
27951.0,0,0,0,0,64
27953.0,0,0,0,0,64
27955.0,0,0,0,0,64
27956.0,0,0,0,0,64
27958.0,0,0,0,0,64
27960.0,0,0,0,0,64
27967.0,0,0,0,8,56
27967.0,0,0,0,0,64
27972.0,0,0,0,8,56
27972.0,0,0,0,0,64
27974.0,0,0,0,0,64
27976.0,0,0,0,0,64
27977.0,0,0,0,0,64
27979.0,0,0,0,0,64
27980.0,0,0,0,0,64
27982.0,0,0,0,0,64
27983.0,0,0,0,0,64
27985.0,0,0,0,0,64
28020.0,0,0,0,8,56
28020.0,0,0,0,0,64
28041.0,0,0,0,0,64
28049.0,0,0,0,8,56
28049.0,0,0,0,0,64
28286.0,0,0,0,8,56
28286.0,0,0,0,0,64
28303.0,0,0,0,8,56
28303.0,0,0,0,0,64
28384.0,0,0,0,8,56
28384.0,0,0,0,0,64
28414.0,0,0,0,8,56
28414.0,0,0,0,0,64
28878.0,0,0,0,8,56
28878.0,0,0,0,0,64
28887.0,0,0,0,8,56
28887.0,0,0,0,0,64
28930.0,0,0,0,8,56
28930.0,0,0,0,0,64
28963.0,0,0,0,8,56
28963.0,0,0,0,0,64
29200.0,0,0,0,8,56
29200.0,0,0,0,0,64
29216.0,0,0,0,8,56
29216.0,0,0,0,0,64
29226.0,0,0,0,8,56
29226.0,0,0,0,0,64
29236.0,0,0,0,8,56
29236.0,0,0,0,0,64
29298.0,0,0,0,8,56
29298.0,0,0,0,0,64
29326.0,0,0,0,8,56
29326.0,0,0,0,0,64
29793.0,0,0,0,8,56
29793.0,0,0,0,0,64
29800.0,0,0,0,8,56
29800.0,0,0,0,0,64
29841.0,0,0,0,8,56
29841.0,0,0,0,0,64
29876.0,0,0,0,8,56
29876.0,0,0,0,0,64
30048.0,0,0,0,0,64
30050.0,0,0,0,0,64
30051.0,0,0,0,0,64
30053.0,0,0,0,0,64
30054.0,0,0,0,0,64
30056.0,0,0,0,0,64
30058.0,0,0,0,0,64
30059.0,0,0,0,0,64
30073.0,0,0,0,0,64
30075.0,0,0,0,0,64
30077.0,0,0,0,0,64
30078.0,0,0,0,0,64
30080.0,0,0,0,0,64
30081.0,0,0,0,0,64
30083.0,0,0,0,0,64
30084.0,0,0,0,0,64
30110.0,0,0,0,8,56
30110.0,0,0,0,0,64
30146.0,0,0,0,0,64
30148.0,0,0,0,0,64
30151.0,0,0,0,8,56
30151.0,0,0,0,0,64
30210.0,0,0,0,8,56
30210.0,0,0,0,0,64
30234.0,0,0,0,8,56
30234.0,0,0,0,0,64
30259.0,0,0,0,0,64
30282.0,0,0,0,0,64
30673.0,0,0,0,0,64
30702.0,0,0,0,0,64
30705.0,0,0,0,8,56
30705.0,0,0,0,0,64
30715.0,0,0,0,8,56
30715.0,0,0,0,0,64
30728.0,0,0,0,0,64
30730.0,0,0,0,0,64
30737.0,0,0,0,0,64
30748.0,0,0,0,0,64
30749.0,0,0,0,0,64
30751.0,0,0,0,8,56
30751.0,0,0,0,0,64
30764.0,0,0,0,0,64
30766.0,0,0,0,0,64
30767.0,0,0,0,0,64
30768.0,0,0,0,0,64
30770.0,0,0,0,0,64
30772.0,0,0,0,0,64
30773.0,0,0,0,0,64
30775.0,0,0,0,0,64
30777.0,0,0,0,0,64
30791.0,0,0,0,8,56
30791.0,0,0,0,0,64
31024.0,0,0,0,8,56
31024.0,0,0,0,0,64
31060.0,0,0,0,8,56
31060.0,0,0,0,0,64
31061.0,0,0,0,7,57
31061.0,0,0,0,0,64
31062.0,0,0,0,4,60
31062.0,0,0,0,0,64
31063.0,0,0,0,1,63
31063.0,0,0,0,0,64
31125.0,0,0,0,8,56
31125.0,0,0,0,0,64
31147.0,0,0,0,8,56
31147.0,0,0,0,0,64
31618.0,0,0,0,8,56
31618.0,0,0,0,0,64
31628.0,0,0,0,8,56
31628.0,0,0,0,0,64
31637.0,0,0,0,8,56
31637.0,0,0,0,0,64
31677.0,0,0,0,8,56
31677.0,0,0,0,0,64
31937.0,0,0,0,8,56
31937.0,0,0,0,0,64
32038.0,0,0,0,8,56
32038.0,0,0,0,0,64
32058.0,0,0,0,8,56
32058.0,0,0,0,0,64
32423.0,0,0,0,1,63
32423.0,0,0,0,0,64
32424.0,0,0,0,1,63
32424.0,0,0,0,0,64
32436.0,0,0,0,1,63
32436.0,0,0,0,0,64
32444.0,0,0,0,1,63
32444.0,0,0,0,0,64
32458.0,0,0,0,1,63
32458.0,0,0,0,0,64
32462.0,0,0,0,1,63
32462.0,0,0,0,0,64
32474.0,0,0,0,1,63
32474.0,0,0,0,0,64
32480.0,0,0,0,1,63
32480.0,0,0,0,0,64
32481.0,0,0,0,1,63
32481.0,0,0,0,0,64
32486.0,0,0,0,1,63
32486.0,0,0,0,0,64
32488.0,0,0,0,1,63
32488.0,0,0,0,0,64
32498.0,0,0,0,1,63
32498.0,0,0,0,0,64
32501.0,0,0,0,1,63
32501.0,0,0,0,0,64
32506.0,0,0,0,1,63
32506.0,0,0,0,0,64
32512.0,0,0,0,1,63
32512.0,0,0,0,0,64
32523.0,0,0,0,1,63
32523.0,0,0,0,0,64
32527.0,0,0,0,1,63
32527.0,0,0,0,0,64
32528.0,0,0,0,1,63
32528.0,0,0,0,0,64
32531.0,0,0,0,8,56
32531.0,0,0,0,0,64
32540.0,0,0,0,8,56
32540.0,0,0,0,0,64
32548.0,0,0,0,8,56
32548.0,0,0,0,0,64
32555.0,0,0,0,1,63
32555.0,0,0,0,0,64
32564.0,0,0,0,1,63
32564.0,0,0,0,0,64
32586.0,0,0,0,8,56
32586.0,0,0,0,0,64
32606.0,0,0,0,1,63
32606.0,0,0,0,0,64
32643.0,0,0,0,0,64
32644.0,0,0,0,0,64
32646.0,0,0,0,0,64
32648.0,0,0,0,0,64
32649.0,0,0,0,1,63
32649.0,0,0,0,0,64
32651.0,0,0,0,0,64
32652.0,0,0,0,0,64
32654.0,0,0,0,0,64
32668.0,0,0,0,0,64
32671.0,0,0,0,0,64
32672.0,0,0,0,0,64
32674.0,0,0,0,0,64
32675.0,0,0,0,0,64
32677.0,0,0,0,0,64
32678.0,0,0,0,0,64
32680.0,0,0,0,0,64
32690.0,0,0,0,1,63
32690.0,0,0,0,0,64
32758.0,0,0,0,0,64
32760.0,0,0,0,0,64
32763.0,0,0,0,0,64
32836.0,0,0,0,0,64
32849.0,0,0,0,8,56
32849.0,0,0,0,0,64
32862.0,0,0,0,0,64
32877.0,0,0,0,1,63
32877.0,0,0,0,0,64
32878.0,0,0,0,1,63
32878.0,0,0,0,0,64
32884.0,0,0,0,1,63
32884.0,0,0,0,0,64
32886.0,0,0,0,1,63
32886.0,0,0,0,0,64
32905.0,0,0,0,2,62
32905.0,0,0,0,0,64
32917.0,0,0,0,1,63
32917.0,0,0,0,0,64
32935.0,0,0,0,2,62
32935.0,0,0,0,0,64
32937.0,0,0,0,1,63
32937.0,0,0,0,0,64
32950.0,0,0,0,8,56
32950.0,0,0,0,0,64
32960.0,0,0,0,1,63
32960.0,0,0,0,0,64
32961.0,0,0,0,1,63
32961.0,0,0,0,0,64
32962.0,0,0,0,1,63
32962.0,0,0,0,0,64
32965.0,0,0,0,1,63
32965.0,0,0,0,0,64
32967.0,0,0,0,1,63
32967.0,0,0,0,0,64
32971.0,0,0,0,8,56
32971.0,0,0,0,0,64
33003.0,0,0,0,3,61
33003.0,0,0,0,0,64
33040.0,0,0,0,1,63
33040.0,0,0,0,0,64
33227.0,0,0,0,1,63
33227.0,0,0,0,0,64
33228.0,0,0,0,1,63
33228.0,0,0,0,0,64
33264.0,0,0,0,0,64
33266.0,0,0,0,0,64
33267.0,0,0,0,0,64
33269.0,0,0,0,0,64
33271.0,0,0,0,0,64
33272.0,0,0,0,0,64
33274.0,0,0,0,0,64
33276.0,0,0,0,0,64
33290.0,0,0,0,0,64
33291.0,0,0,0,0,64
33293.0,0,0,0,0,64
33295.0,0,0,0,0,64
33296.0,0,0,0,0,64
33298.0,0,0,0,0,64
33299.0,0,0,0,0,64
33301.0,0,0,0,0,64
33315.0,0,0,0,1,63
33315.0,0,0,0,0,64
33317.0,0,0,0,1,63
33317.0,0,0,0,0,64
33442.0,0,0,0,8,56
33442.0,0,0,0,0,64
33447.0,0,0,0,8,56
33447.0,0,0,0,0,64
33460.0,0,0,0,8,56
33460.0,0,0,0,0,64
33495.0,0,0,0,8,56
33495.0,0,0,0,0,64
33758.0,0,0,0,8,56
33758.0,0,0,0,0,64
33858.0,0,0,0,8,56
33858.0,0,0,0,0,64
33971.0,0,0,0,8,56
33971.0,0,0,0,0,64
34441.0,0,0,0,8,56
34441.0,0,0,0,0,64
34446.0,0,0,0,8,56
34446.0,0,0,0,0,64
34460.0,0,0,0,8,56
34460.0,0,0,0,0,64
34494.0,0,0,0,8,56
34494.0,0,0,0,0,64
34712.0,0,0,0,1,63
34712.0,0,0,0,0,64
34715.0,0,0,0,1,63
34715.0,0,0,0,0,64
34728.0,0,0,0,1,63
34728.0,0,0,0,0,64
34742.0,0,0,0,1,63
34742.0,0,0,0,0,64
34752.0,0,0,0,1,63
34752.0,0,0,0,0,64
34754.0,0,0,0,8,56
34754.0,0,0,0,0,64
34765.0,0,0,0,1,63
34765.0,0,0,0,0,64
34769.0,0,0,0,1,63
34769.0,0,0,0,0,64
34771.0,0,0,0,1,63
34771.0,0,0,0,0,64
34785.0,0,0,0,1,63
34785.0,0,0,0,0,64
34789.0,0,0,0,1,63
34789.0,0,0,0,0,64
34799.0,0,0,0,1,63
34799.0,0,0,0,0,64
34818.0,0,0,0,1,63
34818.0,0,0,0,0,64
34832.0,0,0,0,1,63
34832.0,0,0,0,0,64
34841.0,0,0,0,1,63
34841.0,0,0,0,0,64
34856.0,0,0,0,8,56
34856.0,0,0,0,0,64
34859.0,0,0,0,1,63
34859.0,0,0,0,0,64
34923.0,0,0,0,1,63
34923.0,0,0,0,0,64
34926.0,0,0,0,1,63
34926.0,0,0,0,0,64
34965.0,0,0,0,1,63
34965.0,0,0,0,0,64
34969.0,0,0,0,1,63
34969.0,0,0,0,0,64
34970.0,0,0,0,8,56
34970.0,0,0,0,0,64
35006.0,0,0,0,1,63
35006.0,0,0,0,0,64
35028.0,0,0,0,1,63
35028.0,0,0,0,0,64
35031.0,0,0,0,1,63
35062.0,0,0,0,2,62
35182.0,0,0,0,3,61
35191.0,0,0,0,4,60
35209.0,0,0,0,5,59
35216.0,0,0,0,5,59
35218.0,0,0,0,5,59
35220.0,0,0,0,5,59
35221.0,0,0,0,5,59
35223.0,0,0,0,5,59
35225.0,0,0,0,5,59
35227.0,0,0,0,5,59
35228.0,0,0,0,5,59
35242.0,0,0,0,5,59
35244.0,0,0,0,5,59
35245.0,0,0,0,5,59
35246.0,0,0,0,5,59
35248.0,0,0,0,5,59
35249.0,0,0,0,5,59
35251.0,0,0,0,5,59
35253.0,0,0,0,5,59
35319.0,0,0,0,6,58
35356.0,0,0,0,7,57
35378.0,0,0,0,8,56
35378.0,0,0,0,0,64
35439.0,0,0,0,8,56
35439.0,0,0,0,0,64
35443.0,0,0,0,8,56
35443.0,0,0,0,0,64
35456.0,0,0,0,8,56
35456.0,0,0,0,0,64
35489.0,0,0,0,8,56
35489.0,0,0,0,0,64
35753.0,0,0,0,8,56
35753.0,0,0,0,0,64
35854.0,0,0,0,8,56
35854.0,0,0,0,0,64
35931.0,0,0,0,0,64
35969.0,0,0,0,8,56
35969.0,0,0,0,0,64
36350.0,0,0,0,8,56
36350.0,0,0,0,0,64
36355.0,0,0,0,8,56
36355.0,0,0,0,0,64
36368.0,0,0,0,8,56
36368.0,0,0,0,0,64
36373.0,0,0,0,8,56
36373.0,0,0,0,0,64
36401.0,0,0,0,8,56
36401.0,0,0,0,0,64
36664.0,0,0,0,8,56
36664.0,0,0,0,0,64
36764.0,0,0,0,8,56
36764.0,0,0,0,0,64
36877.0,0,0,0,8,56
36877.0,0,0,0,0,64
37261.0,0,0,0,8,56
37261.0,0,0,0,0,64
37263.0,0,0,0,8,56
37263.0,0,0,0,0,64
37278.0,0,0,0,8,56
37278.0,0,0,0,0,64
37283.0,0,0,0,8,56
37283.0,0,0,0,0,64
37308.0,0,0,0,8,56
37308.0,0,0,0,0,64
37576.0,0,0,0,8,56
37576.0,0,0,0,0,64
37675.0,0,0,0,8,56
37675.0,0,0,0,0,64
37788.0,0,0,0,8,56
37788.0,0,0,0,0,64
38170.0,0,0,0,8,56
38170.0,0,0,0,0,64
38183.0,0,0,0,8,56
38183.0,0,0,0,0,64
38198.0,0,0,0,8,56
38198.0,0,0,0,0,64
38203.0,0,0,0,8,56
38203.0,0,0,0,0,64
38228.0,0,0,0,8,56
38228.0,0,0,0,0,64
38493.0,0,0,0,8,56
38493.0,0,0,0,0,64
38591.0,0,0,0,8,56
38591.0,0,0,0,0,64
38707.0,0,0,0,8,56
38707.0,0,0,0,0,64
39089.0,0,0,0,8,56
39089.0,0,0,0,0,64
39101.0,0,0,0,8,56
39101.0,0,0,0,0,64
39117.0,0,0,0,8,56
39117.0,0,0,0,0,64
39121.0,0,0,0,8,56
39121.0,0,0,0,0,64
39144.0,0,0,0,8,56
39144.0,0,0,0,0,64
39412.0,0,0,0,8,56
39412.0,0,0,0,0,64
39506.0,0,0,0,8,56
39506.0,0,0,0,0,64
39624.0,0,0,0,8,56
39624.0,0,0,0,0,64
40005.0,0,0,0,8,56
40005.0,0,0,0,0,64
40377.0,0,0,0,1,63
40377.0,0,0,0,0,64
40378.0,0,0,0,1,63
40378.0,0,0,0,0,64
40379.0,0,0,0,1,63
40379.0,0,0,0,0,64
40380.0,0,0,0,1,63
40380.0,0,0,0,0,64
40381.0,0,0,0,1,63
40381.0,0,0,0,0,64
40382.0,0,0,0,1,63
40382.0,0,0,0,0,64
40462.0,0,0,0,1,63
40462.0,0,0,0,0,64
40486.0,0,0,0,1,63
40486.0,0,0,0,0,64
40502.0,0,0,0,1,63
40502.0,0,0,0,0,64
40517.0,0,0,0,1,63
40517.0,0,0,0,0,64
40536.0,0,0,0,1,63
40536.0,0,0,0,0,64
40569.0,0,0,0,1,63
40569.0,0,0,0,0,64
40574.0,0,0,0,1,63
40574.0,0,0,0,0,64
40575.0,0,0,0,1,63
40575.0,0,0,0,0,64
40576.0,0,0,0,1,63
40576.0,0,0,0,0,64
40577.0,0,0,0,1,63
40577.0,0,0,0,0,64
40578.0,0,0,0,1,63
40578.0,0,0,0,0,64
40579.0,0,0,0,1,63
40579.0,0,0,0,0,64
40580.0,0,0,0,1,63
40580.0,0,0,0,0,64
40630.0,0,0,0,1,63
40630.0,0,0,0,0,64
40762.0,0,0,0,1,63
40762.0,0,0,0,0,64
40801.0,0,0,0,8,56
40801.0,0,0,0,0,64
40828.0,0,0,0,8,56
40828.0,0,0,0,0,64
40834.0,0,0,0,1,63
40834.0,0,0,0,0,64
40978.0,0,0,0,1,63
40978.0,0,0,0,0,64
41048.0,0,0,0,1,63
41048.0,0,0,0,0,64
41095.0,0,0,0,2,62
41095.0,0,0,0,0,64
41186.0,0,0,0,8,56
41186.0,0,0,0,0,64
41193.0,0,0,0,8,56
41193.0,0,0,0,0,64
41438.0,0,0,0,8,56
41438.0,0,0,0,0,64
41761.0,0,0,0,1,63
41761.0,0,0,0,0,64
41762.0,0,0,0,1,63
41762.0,0,0,0,0,64
41763.0,0,0,0,1,63
41763.0,0,0,0,0,64
41764.0,0,0,0,1,63
41764.0,0,0,0,0,64
41765.0,0,0,0,1,63
41765.0,0,0,0,0,64
41813.0,0,0,0,8,56
41813.0,0,0,0,0,64
41904.0,0,0,0,1,63
41904.0,0,0,0,0,64
41932.0,0,0,0,1,63
41932.0,0,0,0,0,64
41946.0,0,0,0,1,63
41946.0,0,0,0,0,64
41948.0,0,0,0,1,63
41948.0,0,0,0,0,64
41957.0,0,0,0,1,63
41957.0,0,0,0,0,64
41965.0,0,0,0,1,63
41965.0,0,0,0,0,64
41973.0,0,0,0,1,63
41973.0,0,0,0,0,64
41987.0,0,0,0,1,63
41987.0,0,0,0,0,64
41989.0,0,0,0,1,63
41989.0,0,0,0,0,64
41998.0,0,0,0,1,63
41998.0,0,0,0,0,64
42002.0,0,0,0,1,63
42002.0,0,0,0,0,64
42019.0,0,0,0,1,63
42019.0,0,0,0,0,64
42022.0,0,0,0,1,63
42022.0,0,0,0,0,64
42032.0,0,0,0,1,63
42032.0,0,0,0,0,64
42039.0,0,0,0,1,63
42039.0,0,0,0,0,64
42047.0,0,0,0,1,63
42047.0,0,0,0,0,64
42055.0,0,0,0,1,63
42055.0,0,0,0,0,64
42065.0,0,0,0,1,63
42065.0,0,0,0,0,64
42076.0,0,0,0,1,63
42076.0,0,0,0,0,64
42095.0,0,0,0,1,63
42095.0,0,0,0,0,64
42105.0,0,0,0,1,63
42105.0,0,0,0,0,64
42114.0,0,0,0,1,63
42114.0,0,0,0,0,64
42117.0,0,0,0,1,63
42117.0,0,0,0,0,64
42159.0,0,0,0,1,63
42159.0,0,0,0,0,64
42175.0,0,0,0,1,63
42175.0,0,0,0,0,64
42205.0,0,0,0,1,63
42205.0,0,0,0,0,64
42216.0,0,0,0,1,63
42216.0,0,0,0,0,64
42217.0,0,0,0,1,63
42217.0,0,0,0,0,64
42221.0,0,0,0,1,63
42221.0,0,0,0,0,64
42251.0,0,0,0,1,63
42251.0,0,0,0,0,64
42257.0,0,0,0,1,63
42257.0,0,0,0,0,64
42278.0,0,0,0,1,63
42299.0,0,0,0,2,62
42302.0,0,0,0,3,61
42439.0,0,0,0,4,60
42445.0,0,0,0,5,59
42455.0,0,0,0,6,58
42464.0,0,0,0,7,57
42555.0,0,0,0,8,56
42555.0,0,0,0,0,64
42566.0,0,0,0,1,63
42566.0,0,0,0,0,64
42567.0,0,0,0,1,63
42567.0,0,0,0,0,64
42610.0,0,0,0,8,56
42610.0,0,0,0,0,64
42623.0,0,0,0,1,63
42623.0,0,0,0,0,64
42634.0,0,0,0,8,56
42634.0,0,0,0,0,64
42701.0,0,0,0,1,63
42701.0,0,0,0,0,64
42746.0,0,0,0,1,63
42746.0,0,0,0,0,64
42847.0,0,0,0,1,63
42847.0,0,0,0,0,64
42890.0,0,0,0,1,63
42890.0,0,0,0,0,64
42966.0,0,0,0,8,56
42966.0,0,0,0,0,64
42974.0,0,0,0,8,56
42974.0,0,0,0,0,64
43178.0,0,0,0,0,64
43231.0,0,0,0,8,56
43231.0,0,0,0,0,64
43613.0,0,0,0,8,56
43613.0,0,0,0,0,64
43688.0,0,0,0,1,63
43688.0,0,0,0,0,64
43689.0,0,0,0,1,63
43689.0,0,0,0,0,64
43690.0,0,0,0,1,63
43690.0,0,0,0,0,64
43691.0,0,0,0,1,63
43691.0,0,0,0,0,64
43692.0,0,0,0,1,63
43692.0,0,0,0,0,64
43945.0,0,0,0,1,63
43945.0,0,0,0,0,64
44108.0,0,0,0,1,63
44108.0,0,0,0,0,64
44263.0,0,0,0,1,63
44263.0,0,0,0,0,64
44352.0,0,0,0,8,56
44352.0,0,0,0,0,64
44409.0,0,0,0,8,56
44409.0,0,0,0,0,64
44427.0,0,0,0,8,56
44427.0,0,0,0,0,64
44503.0,0,0,0,1,63
44503.0,0,0,0,0,64
44520.0,0,0,0,1,63
44520.0,0,0,0,0,64
44537.0,0,0,0,1,63
44537.0,0,0,0,0,64
44755.0,0,0,0,1,63
44755.0,0,0,0,0,64
44777.0,0,0,0,8,56
44777.0,0,0,0,0,64
44875.0,0,0,0,8,56
44875.0,0,0,0,0,64
45119.0,0,0,0,1,63
45119.0,0,0,0,0,64
45120.0,0,0,0,1,63
45120.0,0,0,0,0,64
45121.0,0,0,0,1,63
45121.0,0,0,0,0,64
45122.0,0,0,0,1,63
45122.0,0,0,0,0,64
45123.0,0,0,0,1,63
45123.0,0,0,0,0,64
45127.0,0,0,0,8,56
45127.0,0,0,0,0,64
45452.0,0,0,0,1,63
45452.0,0,0,0,0,64
45482.0,0,0,0,1,63
45482.0,0,0,0,0,64
45509.0,0,0,0,8,56
45509.0,0,0,0,0,64
45592.0,0,0,0,1,63
45592.0,0,0,0,0,64
45926.0,0,0,0,1,63
45926.0,0,0,0,0,64
46076.0,0,0,0,1,63
46076.0,0,0,0,0,64
46203.0,0,0,0,1,63
46203.0,0,0,0,0,64
46253.0,0,0,0,8,56
46253.0,0,0,0,0,64
46303.0,0,0,0,1,63
46303.0,0,0,0,0,64
46308.0,0,0,0,8,56
46308.0,0,0,0,0,64
46328.0,0,0,0,8,56
46328.0,0,0,0,0,64
46455.0,0,0,0,1,63
46455.0,0,0,0,0,64
46473.0,0,0,0,1,63
46473.0,0,0,0,0,64
46492.0,0,0,0,1,63
46492.0,0,0,0,0,64
46518.0,0,0,0,1,63
46518.0,0,0,0,0,64
46536.0,0,0,0,1,63
46536.0,0,0,0,0,64
46559.0,0,0,0,1,63
46559.0,0,0,0,0,64
46586.0,0,0,0,1,63
46586.0,0,0,0,0,64
46633.0,0,0,0,1,63
46633.0,0,0,0,0,64
46673.0,0,0,0,8,56
46673.0,0,0,0,0,64
46674.0,0,0,0,1,63
46674.0,0,0,0,0,64
46773.0,0,0,0,8,56
46773.0,0,0,0,0,64
46824.0,0,0,0,1,63
46824.0,0,0,0,0,64
47023.0,0,0,0,8,56
47023.0,0,0,0,0,64
47024.0,0,0,0,1,63
47024.0,0,0,0,0,64
47158.0,0,0,0,1,63
47158.0,0,0,0,0,64
47174.0,0,0,0,1,63
47174.0,0,0,0,0,64
47319.0,0,0,0,1,63
47319.0,0,0,0,0,64
47352.0,0,0,0,1,63
47352.0,0,0,0,0,64
47374.0,0,0,0,1,63
47374.0,0,0,0,0,64
47395.0,0,0,0,1,63
47395.0,0,0,0,0,64
47404.0,0,0,0,1,63
47404.0,0,0,0,0,64
47406.0,0,0,0,8,56
47406.0,0,0,0,0,64
48022.0,0,0,0,1,63
48022.0,0,0,0,0,64
48132.0,0,0,0,8,56
48132.0,0,0,0,0,64
48188.0,0,0,0,8,56
48188.0,0,0,0,0,64
48202.0,0,0,0,8,56
48202.0,0,0,0,0,64
48554.0,0,0,0,8,56
48554.0,0,0,0,0,64
48650.0,0,0,0,8,56
48650.0,0,0,0,0,64
48734.0,0,0,0,1,63
48734.0,0,0,0,0,64
48800.0,0,0,0,1,63
48800.0,0,0,0,0,64
48901.0,0,0,0,8,56
48901.0,0,0,0,0,64
49132.0,0,0,0,1,63
49132.0,0,0,0,0,64
49151.0,0,0,0,1,63
49151.0,0,0,0,0,64
49244.0,0,0,0,2,62
49244.0,0,0,0,0,64
49286.0,0,0,0,8,56
49286.0,0,0,0,0,64
49480.0,0,0,0,1,63
49480.0,0,0,0,0,64
49924.0,0,0,0,8,56
49924.0,0,0,0,0,64
49973.0,0,0,0,0,64
50012.0,0,0,0,8,56
50012.0,0,0,0,0,64
50018.0,0,0,0,8,56
50018.0,0,0,0,0,64
50059.0,0,0,0,0,64
50066.0,0,0,0,8,56
50066.0,0,0,0,0,64
50082.0,0,0,0,8,56
50082.0,0,0,0,0,64
50099.0,0,0,0,1,63
50099.0,0,0,0,0,64
50136.0,0,0,0,1,63
50136.0,0,0,0,0,64
50163.0,0,0,0,1,63
50163.0,0,0,0,0,64
50184.0,0,0,0,1,63
50184.0,0,0,0,0,64
50210.0,0,0,0,1,63
50210.0,0,0,0,0,64
50233.0,0,0,0,1,63
50233.0,0,0,0,0,64
50260.0,0,0,0,1,63
50260.0,0,0,0,0,64
50273.0,0,0,0,8,56
50273.0,0,0,0,0,64
50284.0,0,0,0,1,63
50284.0,0,0,0,0,64
50286.0,0,0,0,1,63
50286.0,0,0,0,0,64
50288.0,0,0,0,1,63
50288.0,0,0,0,0,64
50290.0,0,0,0,1,63
50290.0,0,0,0,0,64
50294.0,0,0,0,1,63
50294.0,0,0,0,0,64
50297.0,0,0,0,1,63
50297.0,0,0,0,0,64
50306.0,0,0,0,1,63
50306.0,0,0,0,0,64
50307.0,0,0,0,1,63
50307.0,0,0,0,0,64
50308.0,0,0,0,2,62
50308.0,0,0,0,0,64
50317.0,0,0,0,1,63
50317.0,0,0,0,0,64
50330.0,0,0,0,1,63
50330.0,0,0,0,0,64
50331.0,0,0,0,1,63
50331.0,0,0,0,0,64
50335.0,0,0,0,1,63
50335.0,0,0,0,0,64
50384.0,0,0,0,1,63
50384.0,0,0,0,0,64
50412.0,0,0,0,1,63
50412.0,0,0,0,0,64
50469.0,0,0,0,1,63
50469.0,0,0,0,0,64
50470.0,0,0,0,1,63
50470.0,0,0,0,0,64
50611.0,0,0,0,8,56
50611.0,0,0,0,0,64
50632.0,0,0,0,1,63
50632.0,0,0,0,0,64
50646.0,0,0,0,8,56
50646.0,0,0,0,0,64
50647.0,0,0,0,1,63
50647.0,0,0,0,0,64
50650.0,0,0,0,1,63
50650.0,0,0,0,0,64
50652.0,0,0,0,8,56
50652.0,0,0,0,0,64
50656.0,0,0,0,1,63
50656.0,0,0,0,0,64
50657.0,0,0,0,1,63
50657.0,0,0,0,0,64
50660.0,0,0,0,8,56
50660.0,0,0,0,0,64
50662.0,0,0,0,2,62
50662.0,0,0,0,0,64
50664.0,0,0,0,2,62
50664.0,0,0,0,0,64
50666.0,0,0,0,1,63
50666.0,0,0,0,0,64
50668.0,0,0,0,1,63
50668.0,0,0,0,0,64
50670.0,0,0,0,1,63
50670.0,0,0,0,0,64
50673.0,0,0,0,2,62
50673.0,0,0,0,0,64
50674.0,0,0,0,1,63
50674.0,0,0,0,0,64
50676.0,0,0,0,1,63
50676.0,0,0,0,0,64
50679.0,0,0,0,2,62
50679.0,0,0,0,0,64
50680.0,0,0,0,1,63
50680.0,0,0,0,0,64
50694.0,0,0,0,2,62
50694.0,0,0,0,0,64
50695.0,0,0,0,2,62
50695.0,0,0,0,0,64
50697.0,0,0,0,1,63
50697.0,0,0,0,0,64
50704.0,0,0,0,1,63
50704.0,0,0,0,0,64
50706.0,0,0,0,1,63
50706.0,0,0,0,0,64
50710.0,0,0,0,1,63
50710.0,0,0,0,0,64
50714.0,0,0,0,1,63
50714.0,0,0,0,0,64
50718.0,0,0,0,2,62
50718.0,0,0,0,1,63
50719.0,0,0,0,2,62
50720.0,0,0,0,3,61
50722.0,0,0,0,5,59
50727.0,0,0,0,6,58
50728.0,0,0,0,7,57
50729.0,0,0,0,8,56
50734.0,0,0,0,9,55
50748.0,0,0,0,10,54
50752.0,0,0,0,11,53
50940.0,0,0,0,12,52
50991.0,0,0,0,20,44
51002.0,0,0,0,21,43
51006.0,0,0,0,22,42
51007.0,0,0,0,23,41
51239.0,0,0,0,24,40
51301.0,0,0,0,32,32
51618.0,0,0,0,32,32
51618.0,0,0,1,31,32
51619.0,0,0,1,31,32
51619.0,0,0,2,30,32
51620.0,0,0,2,30,32
51620.0,0,0,3,29,32
51622.0,0,0,3,29,32
51622.0,0,0,5,27,32
51627.0,0,0,5,27,32
51628.0,0,0,5,27,32
51629.0,0,0,5,27,32
51634.0,0,0,5,27,32
51648.0,0,0,5,27,32
51652.0,0,0,5,27,32
51712.0,0,0,5,28,31
51720.0,0,0,5,29,30
51762.0,0,0,5,31,28
51786.0,0,0,5,32,27
51789.0,0,0,5,33,26
51826.0,0,0,5,34,25
51840.0,0,0,5,34,25
51845.0,0,0,5,35,24
51846.0,0,0,5,36,23
51872.0,0,0,5,37,22
51891.0,0,0,5,37,22
51902.0,0,0,5,37,22
51906.0,0,0,5,37,22
51907.0,0,0,5,37,22
51922.0,0,0,5,38,21
51955.0,0,0,5,39,20
51972.0,0,0,5,40,19
52033.0,0,0,5,41,18
52051.0,0,0,5,42,17
52066.0,0,0,5,43,16
52096.0,0,0,5,44,15
52139.0,0,0,5,44,15
52149.0,0,0,5,46,13
52172.0,0,0,5,47,12
52201.0,0,0,5,47,12
52202.0,0,0,5,48,11
52221.0,0,0,5,49,10
52318.0,0,0,5,50,9
52423.0,0,0,5,51,8
52445.0,0,0,5,52,7
52457.0,0,0,5,53,6
52513.0,0,0,5,54,5
52517.0,0,0,5,55,4
52524.0,0,0,5,56,3
52529.0,0,0,5,57,2
52568.0,0,0,5,58,1
52573.0,0,0,5,59,0
52612.0,0,0,5,59,0
52620.0,0,0,5,59,0
52662.0,0,0,5,59,0
52686.0,0,0,5,59,0
52689.0,0,0,5,59,0
52726.0,0,0,5,59,0
52745.0,0,0,5,59,0
52746.0,0,0,5,59,0
52772.0,0,0,5,59,0
52822.0,0,0,5,59,0
52855.0,0,0,5,59,0
52872.0,0,0,5,59,0
52933.0,0,0,5,59,0
52951.0,0,0,5,59,0
52966.0,0,0,5,59,0
52996.0,0,0,5,59,0
53049.0,0,0,5,59,0
53072.0,0,0,5,59,0
53102.0,0,0,5,59,0
53121.0,0,0,5,59,0
53218.0,0,0,5,59,0
53323.0,0,0,5,59,0
53345.0,0,0,5,59,0
53357.0,0,0,5,59,0
53413.0,0,0,5,59,0
53417.0,0,0,5,59,0
53424.0,0,0,5,59,0
53429.0,0,0,5,59,0
53468.0,0,0,5,59,0
53473.0,0,0,5,59,0
54318.0,1,0,4,59,0
54319.0,2,0,3,59,0
54320.0,3,0,2,59,0
54322.0,5,0,0,59,0
54322.0,0,5,0,59,0
56122.0,0,0,0,64,0
56122.0,0,0,0,0,64
56124.0,0,0,0,64,0
56124.0,0,0,0,0,64
56493.0,0,0,0,64,0
57393.0,0,0,0,64,0
57393.0,0,0,64,0,0
60093.0,64,0,0,0,0
62278.0,64,0,0,0,0
62278.0,48,16,0,0,0
64078.0,48,0,0,16,0
64078.0,48,0,0,0,16
65386.0,48,0,0,0,16
65386.0,32,16,0,0,16
65620.0,32,16,0,0,16
65620.0,16,32,0,0,16
66091.0,16,32,0,0,16
66091.0,0,48,0,0,16
66650.0,0,48,0,16,0
66650.0,0,48,0,0,16
66733.0,0,48,0,16,0
66733.0,0,48,0,0,16
67186.0,0,32,0,16,16
67186.0,0,32,0,0,32
67188.0,0,32,0,16,16
67420.0,0,16,0,32,16
67891.0,0,0,0,48,16
68088.0,0,0,0,48,16
68088.0,0,0,16,32,16
68320.0,0,0,16,32,16
68320.0,0,0,32,16,16
68791.0,0,0,32,16,16
68791.0,0,0,48,0,16
69403.0,0,0,48,16,0
70303.0,0,0,48,16,0
70303.0,0,0,64,0,0
70788.0,16,0,48,0,0
71020.0,32,0,32,0,0
71278.0,32,0,32,0,0
71491.0,48,0,16,0,0
71693.0,48,0,16,0,0
71693.0,0,48,16,0,0
71694.0,0,48,16,0,0
72228.0,0,48,16,0,0
72817.0,0,48,16,0,0
72973.0,0,48,16,0,0
72974.0,0,48,16,0,0
73003.0,16,48,0,0,0
73003.0,0,64,0,0,0
73493.0,0,16,0,48,0
73493.0,0,16,0,0,48
73501.0,0,16,0,24,24
73501.0,0,16,0,0,48
73504.0,0,16,0,24,24
73504.0,0,16,0,0,48
73507.0,0,16,0,8,40
73507.0,0,16,0,0,48
73509.0,0,16,0,8,40
73509.0,0,16,0,0,48
73512.0,0,16,0,16,32
73512.0,0,16,0,0,48
73515.0,0,16,0,24,24
73515.0,0,16,0,0,48
73520.0,0,16,0,16,32
73520.0,0,16,0,0,48
73521.0,0,16,0,24,24
73521.0,0,16,0,0,48
73523.0,0,16,0,8,40
73523.0,0,16,0,0,48
73526.0,0,16,0,8,40
73526.0,0,16,0,0,48
73527.0,0,16,0,8,40
73527.0,0,16,0,0,48
73528.0,0,16,0,24,24
73528.0,0,16,0,0,48
73529.0,0,16,0,8,40
73529.0,0,16,0,0,48
73531.0,0,16,0,8,40
73531.0,0,16,0,0,48
73534.0,0,16,0,24,24
73534.0,0,16,0,0,48
73535.0,0,16,0,8,40
73535.0,0,16,0,0,48
73536.0,0,16,0,8,40
73536.0,0,16,0,0,48
73537.0,0,16,0,8,40
73537.0,0,16,0,0,48
73540.0,0,16,0,16,32
73540.0,0,16,0,0,48
73541.0,0,16,0,16,32
73541.0,0,16,0,0,48
73543.0,0,16,0,8,40
73543.0,0,16,0,0,48
73544.0,0,16,0,8,40
73544.0,0,16,0,0,48
73545.0,0,16,0,8,40
73545.0,0,16,0,0,48
73546.0,0,16,0,8,40
73546.0,0,16,0,0,48
73548.0,0,16,0,16,32
73548.0,0,16,0,0,48
73550.0,0,16,0,8,40
73550.0,0,16,0,0,48
73551.0,0,16,0,8,40
73551.0,0,16,0,0,48
73552.0,0,16,0,8,40
73552.0,0,16,0,0,48
73553.0,0,16,0,8,40
73553.0,0,16,0,0,48
73554.0,0,16,0,8,40
73554.0,0,16,0,0,48
73555.0,0,16,0,8,40
73555.0,0,16,0,0,48
73556.0,0,16,0,8,40
73556.0,0,16,0,0,48
73557.0,0,16,0,8,40
73557.0,0,16,0,0,48
73558.0,0,16,0,8,40
73558.0,0,16,0,0,48
73559.0,0,16,0,8,40
73559.0,0,16,0,0,48
73560.0,0,16,0,8,40
73560.0,0,16,0,0,48
73561.0,0,16,0,8,40
73561.0,0,16,0,0,48
73562.0,0,16,0,8,40
73562.0,0,16,0,0,48
73563.0,0,16,0,8,40
73563.0,0,16,0,0,48
73564.0,0,16,0,8,40
73564.0,0,16,0,0,48
73565.0,0,16,0,8,40
73565.0,0,16,0,0,48
73566.0,0,16,0,8,40
73566.0,0,16,0,0,48
73567.0,0,16,0,16,32
73567.0,0,16,0,0,48
73568.0,0,16,0,8,40
73568.0,0,16,0,0,48
73569.0,0,16,0,8,40
73569.0,0,16,0,0,48
73959.0,0,16,0,8,40
73959.0,0,16,0,0,48
73960.0,0,16,0,8,40
73960.0,0,16,0,0,48
73961.0,0,16,0,16,32
73961.0,0,16,0,0,48
73962.0,0,16,0,8,40
73962.0,0,16,0,0,48
73963.0,0,16,0,8,40
73963.0,0,16,0,0,48
74353.0,0,16,0,8,40
74353.0,0,16,0,0,48
74354.0,0,16,0,8,40
74354.0,0,16,0,0,48
74355.0,0,16,0,16,32
74355.0,0,16,0,0,48
74356.0,0,16,0,8,40
74356.0,0,16,0,0,48
74357.0,0,16,0,8,40
74357.0,0,16,0,0,48
74496.0,0,16,0,8,40
74496.0,0,16,0,0,48
74497.0,0,16,0,8,40
74497.0,0,16,0,0,48
74636.0,0,16,0,8,40
74636.0,0,16,0,0,48
74637.0,0,16,0,8,40
74637.0,0,16,0,0,48
74747.0,0,16,0,8,40
74747.0,0,16,0,0,48
74748.0,0,16,0,8,40
74748.0,0,16,0,0,48
74749.0,0,16,0,16,32
74749.0,0,16,0,0,48
74776.0,0,16,0,8,40
74776.0,0,16,0,0,48
74777.0,0,16,0,8,40
74777.0,0,16,0,0,48
74803.0,0,0,0,16,48
74803.0,0,0,0,0,64
74887.0,0,0,0,8,56
74887.0,0,0,0,0,64
74888.0,0,0,0,8,56
74888.0,0,0,0,0,64
74889.0,0,0,0,16,48
74889.0,0,0,0,0,64
74916.0,0,0,0,8,56
74916.0,0,0,0,0,64
74917.0,0,0,0,8,56
74917.0,0,0,0,0,64
74930.0,0,0,0,0,64
74943.0,0,0,0,16,48
74943.0,0,0,0,0,64
75027.0,0,0,0,8,56
75027.0,0,0,0,0,64
75028.0,0,0,0,8,56
75028.0,0,0,0,0,64
75043.0,0,0,0,8,56
75043.0,0,0,0,0,64
75869.0,0,0,0,0,64
78226.0,0,0,0,0,64
78228.0,0,0,0,0,64
78229.0,0,0,0,0,64
78231.0,0,0,0,0,64
78232.0,0,0,0,0,64
78233.0,0,0,0,0,64
78235.0,0,0,0,0,64
79074.0,0,0,0,8,56
79074.0,0,0,0,0,64
79084.0,0,0,0,8,56
79084.0,0,0,0,0,64
79099.0,0,0,0,8,56
79099.0,0,0,0,0,64
79157.0,0,0,0,8,56
79157.0,0,0,0,0,64
79178.0,0,0,0,8,56
79178.0,0,0,0,0,64
79253.0,0,0,0,8,56
79253.0,0,0,0,0,64
79256.0,0,0,0,8,56
79256.0,0,0,0,0,64
81120.0,0,0,0,0,64
81121.0,0,0,0,0,64
81122.0,0,0,0,0,64
82707.0,0,0,0,0,64
83015.0,0,0,0,8,56
83015.0,0,0,0,0,64
83304.0,0,0,0,8,56
83304.0,0,0,0,0,64
83310.0,0,0,0,8,56
83310.0,0,0,0,0,64
83321.0,0,0,0,8,56
83321.0,0,0,0,0,64
83343.0,0,0,0,8,56
83343.0,0,0,0,0,64
83372.0,0,0,0,8,56
83372.0,0,0,0,0,64
83394.0,0,0,0,0,64
83453.0,0,0,0,8,56
83453.0,0,0,0,0,64
83458.0,0,0,0,8,56
83458.0,0,0,0,0,64
87166.0,0,0,0,8,56
87166.0,0,0,0,0,64
87177.0,0,0,0,8,56
87177.0,0,0,0,0,64
87191.0,0,0,0,8,56
87191.0,0,0,0,0,64
87199.0,0,0,0,8,56
87199.0,0,0,0,0,64
87228.0,0,0,0,8,56
87228.0,0,0,0,0,64
87251.0,0,0,0,8,56
87251.0,0,0,0,0,64
87309.0,0,0,0,8,56
87309.0,0,0,0,0,64
87314.0,0,0,0,8,56
87314.0,0,0,0,0,64
91002.0,0,0,0,8,56
91002.0,0,0,0,0,64
91016.0,0,0,0,8,56
91022.0,0,0,0,16,48
91022.0,0,0,0,0,64
91024.0,0,0,0,8,56
91024.0,0,0,0,0,64
91053.0,0,0,0,8,56
91053.0,0,0,0,0,64
91076.0,0,0,0,8,56
91076.0,0,0,0,0,64
91108.0,0,0,0,8,56
91108.0,0,0,0,0,64
91134.0,0,0,0,8,56
91134.0,0,0,0,0,64
91916.0,0,0,0,0,64
94006.0,0,0,0,16,48
94006.0,0,0,0,0,64
94038.0,0,0,0,16,48
94038.0,0,0,0,0,64
96445.0,0,0,0,8,56
96445.0,0,0,0,0,64
98861.0,0,0,0,8,56
98861.0,0,0,0,0,64
99540.0,0,0,0,8,56
99540.0,0,0,0,0,64
101284.0,0,0,0,8,56
101284.0,0,0,0,0,64
101779.0,0,0,0,8,56
101779.0,0,0,0,0,64
101800.0,0,0,0,8,56
101800.0,0,0,0,0,64
101830.0,0,0,0,8,56
101830.0,0,0,0,0,64
101855.0,0,0,0,8,56
101855.0,0,0,0,0,64
101885.0,0,0,0,8,56
101885.0,0,0,0,0,64
101912.0,0,0,0,8,56
101912.0,0,0,0,0,64
101972.0,0,0,0,8,56
101972.0,0,0,0,0,64
103702.0,0,0,0,8,56
103702.0,0,0,0,0,64
104209.0,0,0,0,8,56
104209.0,0,0,0,0,64
104217.0,0,0,0,8,56
104217.0,0,0,0,0,64
104268.0,0,0,0,8,56
104268.0,0,0,0,0,64
104303.0,0,0,0,8,56
104303.0,0,0,0,0,64
104313.0,0,0,0,8,56
104313.0,0,0,0,0,64
104385.0,0,0,0,8,56
104385.0,0,0,0,0,64
104435.0,0,0,0,8,56
104435.0,0,0,0,0,64
106133.0,0,0,0,8,56
106133.0,0,0,0,0,64
106653.0,0,0,0,8,56
106653.0,0,0,0,0,64
106658.0,0,0,0,8,56
106658.0,0,0,0,0,64
106709.0,0,0,0,8,56
106709.0,0,0,0,0,64
106717.0,0,0,0,8,56
106717.0,0,0,0,0,64
106729.0,0,0,0,8,56
106729.0,0,0,0,0,64
106798.0,0,0,0,8,56
106798.0,0,0,0,0,64
106836.0,0,0,0,8,56
106836.0,0,0,0,0,64
108542.0,0,0,0,8,56
108542.0,0,0,0,0,64
109060.0,0,0,0,8,56
109060.0,0,0,0,0,64
109064.0,0,0,0,8,56
109064.0,0,0,0,0,64
109137.0,0,0,0,8,56
109137.0,0,0,0,0,64
109142.0,0,0,0,8,56
109142.0,0,0,0,0,64
109150.0,0,0,0,8,56
109150.0,0,0,0,0,64
109213.0,0,0,0,8,56
109213.0,0,0,0,0,64
109227.0,0,0,0,8,56
109227.0,0,0,0,0,64
109245.0,0,0,0,8,56
109245.0,0,0,0,0,64
110956.0,0,0,0,8,56
110956.0,0,0,0,0,64
111478.0,0,0,0,8,56
111478.0,0,0,0,0,64
111479.0,0,0,0,8,56
111479.0,0,0,0,0,64
111537.0,0,0,0,8,56
111537.0,0,0,0,0,64
111541.0,0,0,0,8,56
111541.0,0,0,0,0,64
111543.0,0,0,0,8,56
111543.0,0,0,0,0,64
111647.0,0,0,0,8,56
111647.0,0,0,0,0,64
111667.0,0,0,0,8,56
111667.0,0,0,0,0,64
113393.0,0,0,0,8,56
113393.0,0,0,0,0,64
113909.0,0,0,0,8,56
113909.0,0,0,0,0,64
113925.0,0,0,0,8,56
113925.0,0,0,0,0,64
113928.0,0,0,0,8,56
113928.0,0,0,0,0,64
113948.0,0,0,0,8,56
113948.0,0,0,0,0,64
113959.0,0,0,0,8,56
113959.0,0,0,0,0,64
114080.0,0,0,0,8,56
114080.0,0,0,0,0,64
114090.0,0,0,0,8,56
114090.0,0,0,0,0,64
115816.0,0,0,0,8,56
115816.0,0,0,0,0,64
116332.0,0,0,0,8,56
116332.0,0,0,0,0,64
116339.0,0,0,0,8,56
116339.0,0,0,0,0,64
116341.0,0,0,0,8,56
116341.0,0,0,0,0,64
116362.0,0,0,0,8,56
116362.0,0,0,0,0,64
116388.0,0,0,0,8,56
116388.0,0,0,0,0,64
116477.0,0,0,0,8,56
116477.0,0,0,0,0,64
116492.0,0,0,0,8,56
116492.0,0,0,0,0,64
118216.0,0,0,0,8,56
118216.0,0,0,0,0,64
118744.0,0,0,0,8,56
118744.0,0,0,0,0,64
118749.0,0,0,0,8,56
118749.0,0,0,0,0,64
118757.0,0,0,0,8,56
118757.0,0,0,0,0,64
118767.0,0,0,0,8,56
118767.0,0,0,0,0,64
118793.0,0,0,0,8,56
118793.0,0,0,0,0,64
118886.0,0,0,0,8,56
118886.0,0,0,0,0,64
118913.0,0,0,0,8,56
118913.0,0,0,0,0,64
120645.0,0,0,0,8,56
120645.0,0,0,0,0,64
120876.0,0,0,0,8,56
120876.0,0,0,0,0,64
120880.0,0,0,0,8,56
120880.0,0,0,0,0,64
120883.0,0,0,0,8,56
120883.0,0,0,0,0,64
120906.0,0,0,0,8,56
120906.0,0,0,0,0,64
120996.0,0,0,0,8,56
120996.0,0,0,0,0,64
121032.0,0,0,0,8,56
121032.0,0,0,0,0,64
121150.0,0,0,0,8,56
121150.0,0,0,0,0,64
122759.0,0,0,0,8,56
122759.0,0,0,0,0,64
122962.0,0,0,0,8,56
122962.0,0,0,0,0,64
122979.0,0,0,0,8,56
122979.0,0,0,0,0,64
122987.0,0,0,0,8,56
122987.0,0,0,0,0,64
123013.0,0,0,0,8,56
123013.0,0,0,0,0,64
123114.0,0,0,0,8,56
123114.0,0,0,0,0,64
123141.0,0,0,0,8,56
123141.0,0,0,0,0,64
123266.0,0,0,0,8,56
123266.0,0,0,0,0,64
124870.0,0,0,0,8,56
124870.0,0,0,0,0,64
125073.0,0,0,0,8,56
125073.0,0,0,0,0,64
125097.0,0,0,0,8,56
125097.0,0,0,0,0,64
125100.0,0,0,0,8,56
125100.0,0,0,0,0,64
125124.0,0,0,0,8,56
125124.0,0,0,0,0,64
125223.0,0,0,0,8,56
125223.0,0,0,0,0,64
125244.0,0,0,0,8,56
125244.0,0,0,0,0,64
125366.0,0,0,0,8,56
125366.0,0,0,0,0,64
126980.0,0,0,0,8,56
126980.0,0,0,0,0,64
127171.0,0,0,0,8,56
127171.0,0,0,0,0,64
127188.0,0,0,0,8,56
127188.0,0,0,0,0,64
127208.0,0,0,0,8,56
127208.0,0,0,0,0,64
127243.0,0,0,0,8,56
127243.0,0,0,0,0,64
127328.0,0,0,0,8,56
127328.0,0,0,0,0,64
127368.0,0,0,0,8,56
127368.0,0,0,0,0,64
127463.0,0,0,0,8,56
127463.0,0,0,0,0,64
129107.0,0,0,0,8,56
129107.0,0,0,0,0,64
129274.0,0,0,0,8,56
129274.0,0,0,0,0,64
129316.0,0,0,0,8,56
129316.0,0,0,0,0,64
129332.0,0,0,0,8,56
129332.0,0,0,0,0,64
129362.0,0,0,0,8,56
129362.0,0,0,0,0,64
129434.0,0,0,0,8,56
129434.0,0,0,0,0,64
129471.0,0,0,0,8,56
129471.0,0,0,0,0,64
129560.0,0,0,0,8,56
129560.0,0,0,0,0,64
131221.0,0,0,0,8,56
131221.0,0,0,0,0,64
131384.0,0,0,0,8,56
131384.0,0,0,0,0,64
131422.0,0,0,0,8,56
131422.0,0,0,0,0,64
131440.0,0,0,0,8,56
131440.0,0,0,0,0,64
131488.0,0,0,0,8,56
131488.0,0,0,0,0,64
131545.0,0,0,0,8,56
131545.0,0,0,0,0,64
131577.0,0,0,0,8,56
131577.0,0,0,0,0,64
131676.0,0,0,0,8,56
131676.0,0,0,0,0,64
133330.0,0,0,0,8,56
133330.0,0,0,0,0,64
133495.0,0,0,0,8,56
133495.0,0,0,0,0,64
133548.0,0,0,0,16,48
133548.0,0,0,0,0,64
133596.0,0,0,0,8,56
133596.0,0,0,0,0,64
133662.0,0,0,0,8,56
133662.0,0,0,0,0,64
133668.0,0,0,0,8,56
133668.0,0,0,0,0,64
133786.0,0,0,0,8,56
134686.0,0,0,0,8,56
134686.0,0,0,8,0,56
135465.0,0,0,8,8,48
135620.0,0,0,8,16,40
135620.0,0,0,8,0,56
135623.0,0,0,8,16,40
135623.0,0,0,8,0,56
135654.0,0,0,8,8,48
135655.0,0,0,8,16,40
135714.0,0,0,8,24,32
135752.0,0,0,8,32,24
135768.0,0,0,8,40,16
136365.0,0,0,8,40,16
136554.0,0,0,8,40,16
136554.0,0,0,16,32,16
136555.0,0,0,16,32,16
136555.0,0,0,24,24,16
136614.0,0,0,24,24,16
136614.0,0,0,32,16,16
136652.0,0,0,32,16,16
136652.0,0,0,40,8,16
136668.0,0,0,40,8,16
136668.0,0,0,48,0,16
137386.0,8,0,40,0,16
138676.0,8,0,40,16,0
